Reacoes de apoio [N]
[[3900.]
 [2900.]
 [1600.]]

Deslocamentos [m]
[[ 0.00000000e+00]
 [ 0.00000000e+00]
 [ 9.70274666e-06]
 [-4.16383934e-05]
 [ 3.47428273e-06]
 [-4.50318204e-05]
 [ 2.50832998e-06]
 [-4.28700879e-05]
 [ 5.39428066e-06]
 [-4.47851738e-05]
 [-3.13150296e-06]
 [-4.10208448e-05]
 [ 1.12457069e-05]
 [ 0.00000000e+00]]

Deformacoes []
[[-6.17580557e-05]
 [-4.33903552e-05]
 [-3.64691915e-05]
 [-3.40734032e-05]
 [-7.29694428e-06]
 [ 7.29694255e-06]
 [ 1.84569855e-05]
 [-1.84569887e-05]
 [ 1.80952226e-05]
 [ 9.99998920e-06]
 [ 3.04761783e-05]]

Forcas internas [N]
[[-6484.59584841]
 [-4555.98729625]
 [-3829.26510666]
 [-3577.7073342 ]
 [ -766.17914971]
 [  766.17896819]
 [ 1937.98347745]
 [-1937.98381714]
 [ 1899.9983682 ]
 [ 1049.99886605]
 [ 3199.99872114]]

Tensoes internas [Pa]
[[-12351611.13982412]
 [ -8678071.04047096]
 [ -7293838.29839592]
 [ -6814680.63656202]
 [ -1459388.8565844 ]
 [  1459388.51084531]
 [  3691397.09990796]
 [ -3691397.7469263 ]
 [  3619044.51086012]
 [  1999997.84008871]
 [  6095235.65932169]]